#STAT:Node	CtxIn	CtxSkip	T.Read	T.Ins	T.Prop.	Comm	TotTask	Nb	P
#STAT: 0	559	4591	16354	16263	4107	15606	171700	100	24
#STAT: 1	550	4600	15895	15795	4248	15183	171700	100	24
#STAT: 2	541	4609	15445	15353	3895	14733	171700	100	24
#STAT: 3	532	4618	15004	14904	4056	14328	171700	100	24
#STAT: 4	524	4626	14572	14472	4264	13896	171700	100	24
#STAT: 5	516	4634	14148	14057	3892	13472	171700	100	24
#STAT: 6	508	4642	13732	13632	4056	13092	171700	100	24
#STAT: 7	500	4650	13324	13232	4179	12684	171700	100	24
#STAT: 8	492	4658	12924	12832	3940	12284	171700	100	24
#STAT: 9	484	4666	12532	12432	4096	11920	171700	100	24
#STAT:10	476	4674	12148	12057	4204	11536	171700	100	24
#STAT:11	468	4682	11772	11672	3840	11196	171700	100	24
#STAT:12	100	100	5050	434	0	209	171700	100	24
#STAT:13	100	100	5050	434	98	209	171700	100	24
#STAT:14	100	100	5050	426	0	209	171700	100	24
#STAT:15	100	100	5050	425	91	208	171700	100	24
#STAT:16	100	100	5050	416	0	208	171700	100	24
#STAT:17	100	100	5050	408	100	208	171700	100	24
#STAT:18	100	100	5050	408	0	208	171700	100	24
#STAT:19	100	100	5050	400	88	208	171700	100	24
#STAT:20	100	100	5050	416	0	208	171700	100	24
#STAT:21	100	100	5050	416	96	208	171700	100	24
#STAT:22	100	100	5050	408	0	208	171700	100	24
#STAT:23	100	100	5050	408	88	208	171700	100	24
