#STAT:Node	CtxIn	CtxSkip	T.Read	T.Ins	T.Prop.	Comm	TotTask	Nb	P
#STAT: 0	175	1150	2395	2350	989	2245	22100	50	24
#STAT: 1	170	1155	2270	2220	1064	2130	22100	50	24
#STAT: 2	166	1159	2150	2104	906	2010	22100	50	24
#STAT: 3	162	1163	2034	1984	988	1904	22100	50	24
#STAT: 4	158	1167	1922	1872	1076	1792	22100	50	24
#STAT: 5	154	1171	1814	1769	896	1684	22100	50	24
#STAT: 6	150	1175	1710	1660	974	1590	22100	50	24
#STAT: 7	146	1179	1610	1564	1078	1490	22100	50	24
#STAT: 8	142	1183	1514	1468	922	1416	22100	50	24
#STAT: 9	138	1187	1422	1372	987	1330	22100	50	24
#STAT:10	134	1191	1334	1288	1070	1242	22100	50	24
#STAT:11	130	1195	1250	1200	924	1164	22100	50	24
#STAT:12	50	50	1275	105	0	53	22100	50	24
#STAT:13	50	50	1275	104	46	52	22100	50	24
#STAT:14	50	50	1275	100	0	52	22100	50	24
#STAT:15	50	50	1275	100	44	52	22100	50	24
#STAT:16	50	50	1275	108	1	52	22100	50	24
#STAT:17	50	50	1275	104	46	52	22100	50	24
#STAT:18	50	50	1275	104	0	52	22100	50	24
#STAT:19	50	50	1275	100	44	52	22100	50	24
#STAT:20	50	50	1275	108	1	52	22100	50	24
#STAT:21	50	50	1275	108	46	52	22100	50	24
#STAT:22	50	50	1275	104	0	52	22100	50	24
#STAT:23	50	50	1275	104	44	52	22100	50	24
