#STAT:Node	CtxIn	CtxSkip	T.Read	T.Ins	T.Prop.	Comm	TotTask	Nb	P
#STAT: 0	2935	42515	271926	271676	25200	264265	4545100	300	36
#STAT: 1	2918	42532	269291	268991	26092	262055	4545100	300	36
#STAT: 2	2901	42549	266673	266373	29755	259437	4545100	300	36
#STAT: 3	2884	42566	264072	263772	23961	256836	4545100	300	36
#STAT: 4	2867	42583	261488	261188	26212	254252	4545100	300	36
#STAT: 5	2850	42600	258921	258621	29731	251685	4545100	300	36
#STAT: 6	2833	42617	256371	256071	24024	249135	4545100	300	36
#STAT: 7	2816	42634	253838	253588	25696	246602	4545100	300	36
#STAT: 8	2799	42651	251322	251022	29168	244494	4545100	300	36
#STAT: 9	2782	42668	248823	248523	25228	241995	4545100	300	36
#STAT:10	2765	42685	246341	246041	26133	239513	4545100	300	36
#STAT:11	2748	42702	243876	243576	29750	237048	4545100	300	36
#STAT:12	2732	42718	241428	241128	23969	234600	4545100	300	36
#STAT:13	2716	42734	238996	238696	26210	232168	4545100	300	36
#STAT:14	2700	42750	236580	236330	29750	229752	4545100	300	36
#STAT:15	2684	42766	234180	233880	24032	227744	4545100	300	36
#STAT:16	2668	42782	231796	231496	25751	225360	4545100	300	36
#STAT:17	2652	42798	229428	229128	29197	222992	4545100	300	36
#STAT:18	300	300	45150	2509	0	1234	4545100	300	36
#STAT:19	300	300	45150	2509	198	1234	4545100	300	36
#STAT:20	300	300	45150	2509	0	1234	4545100	300	36
#STAT:21	300	300	45150	2509	200	1234	4545100	300	36
#STAT:22	300	300	45150	2459	0	1234	4545100	300	36
#STAT:23	300	300	45150	2459	181	1234	4545100	300	36
#STAT:24	300	300	45150	2508	0	1233	4545100	300	36
#STAT:25	300	300	45150	2508	201	1233	4545100	300	36
#STAT:26	300	300	45150	2508	0	1233	4545100	300	36
#STAT:27	300	300	45150	2508	198	1233	4545100	300	36
#STAT:28	300	300	45150	2508	0	1233	4545100	300	36
#STAT:29	300	300	45150	2458	180	1233	4545100	300	36
#STAT:30	300	300	45150	2508	0	1233	4545100	300	36
#STAT:31	300	300	45150	2508	198	1233	4545100	300	36
#STAT:32	300	300	45150	2508	0	1233	4545100	300	36
#STAT:33	300	300	45150	2508	197	1233	4545100	300	36
#STAT:34	300	300	45150	2508	0	1233	4545100	300	36
#STAT:35	300	300	45150	2508	182	1233	4545100	300	36
