6	10	220.0	0	220.0	0	0	1	
6	10	36.6666666667	29	220.0	177	177	2	
6	10	79.1666666667	46	475.0	281	13743	0	
6	50	22100.0	0	22100.0	0	0	1	
6	50	3683.33333333	3039	22100.0	18234	18234	2	
6	50	4395.83333333	3393	26375.0	20359	1490973	0	
6	100	171700.0	0	171700.0	0	0	1	
6	100	28616.6666667	23712	171700.0	142272	142272	2	
6	100	31291.6666667	25074	187750.0	150446	12178917	0	
6	200	1353400.0	0	1353400.0	0	0	1	
6	200	225566.666667	187434	1353400.0	1124609	1124609	2	
6	200	235916.666667	192747	1415500.0	1156484	99292517	0	
6	300	4545100.0	0	4545100.0	0	0	1	
6	300	757516.666667	630041	4545100.0	3780250	3780250	2	
6	300	780541.666667	641710	4683250.0	3850261	338532266	0
