#STAT:Node	CtxIn	CtxSkip	T.Read	T.Ins	T.Prop.	Comm	TotTask	Nb	P
#STAT: 0	40	190	211	195	136	185	1540	20	36
#STAT: 1	38	192	191	171	152	168	1540	20	36
#STAT: 2	37	193	173	153	75	150	1540	20	36
#STAT: 3	36	194	156	136	87	133	1540	20	36
#STAT: 4	35	195	140	120	147	117	1540	20	36
#STAT: 5	34	196	125	105	52	102	1540	20	36
#STAT: 6	33	197	111	91	78	88	1540	20	36
#STAT: 7	32	198	98	82	111	75	1540	20	36
#STAT: 8	31	199	86	66	97	65	1540	20	36
#STAT: 9	30	200	75	55	149	54	1540	20	36
#STAT:10	29	201	65	45	152	44	1540	20	36
#STAT:11	28	202	56	36	90	35	1540	20	36
#STAT:12	27	203	48	28	87	28	1540	20	36
#STAT:13	26	204	41	21	166	21	1540	20	36
#STAT:14	25	205	35	18	75	15	1540	20	36
#STAT:15	24	206	30	10	86	10	1540	20	36
#STAT:16	23	207	26	6	131	6	1540	20	36
#STAT:17	22	208	23	3	79	3	1540	20	36
#STAT:18	20	20	210	12	0	6	1540	20	36
#STAT:19	20	20	210	12	9	6	1540	20	36
#STAT:20	20	20	210	12	0	6	1540	20	36
#STAT:21	20	20	210	12	12	6	1540	20	36
#STAT:22	20	20	210	9	0	6	1540	20	36
#STAT:23	20	20	210	9	12	6	1540	20	36
#STAT:24	20	20	210	12	1	6	1540	20	36
#STAT:25	20	20	210	12	9	6	1540	20	36
#STAT:26	20	20	210	12	0	6	1540	20	36
#STAT:27	20	20	210	12	12	6	1540	20	36
#STAT:28	20	20	210	11	0	5	1540	20	36
#STAT:29	20	20	210	8	12	5	1540	20	36
#STAT:30	20	20	210	11	1	5	1540	20	36
#STAT:31	20	20	210	11	9	5	1540	20	36
#STAT:32	20	20	210	11	0	5	1540	20	36
#STAT:33	20	20	210	11	12	5	1540	20	36
#STAT:34	20	20	210	11	0	5	1540	20	36
#STAT:35	20	20	210	11	12	5	1540	20	36
