#STAT:Node	CtxIn	CtxSkip	T.Read	T.Ins	T.Prop.	Comm	TotTask	Nb	P
#STAT: 0	19	46	55	47	14	44	220	10	36
#STAT: 1	18	47	46	36	14	36	220	10	36
#STAT: 2	17	48	38	28	11	28	220	10	36
#STAT: 3	16	49	31	21	24	21	220	10	36
#STAT: 4	15	50	25	15	41	15	220	10	36
#STAT: 5	14	51	20	10	17	10	220	10	36
#STAT: 6	13	52	16	6	11	6	220	10	36
#STAT: 7	12	53	13	5	47	3	220	10	36
#STAT: 8	11	54	11	1	22	1	220	10	36
#STAT: 9	10	55	10	0	15	0	220	10	36
#STAT:10	10	55	10	0	14	0	220	10	36
#STAT:11	10	55	10	0	12	0	220	10	36
#STAT:12	10	55	10	0	24	0	220	10	36
#STAT:13	10	55	10	0	41	0	220	10	36
#STAT:14	10	55	10	2	17	0	220	10	36
#STAT:15	10	55	10	0	11	0	220	10	36
#STAT:16	10	55	10	0	49	0	220	10	36
#STAT:17	10	55	10	0	22	0	220	10	36
#STAT:18	10	10	55	5	0	2	220	10	36
#STAT:19	10	10	55	5	2	2	220	10	36
#STAT:20	10	10	55	5	0	2	220	10	36
#STAT:21	10	10	55	5	3	2	220	10	36
#STAT:22	10	10	55	3	0	2	220	10	36
#STAT:23	10	10	55	3	4	2	220	10	36
#STAT:24	10	10	55	2	0	1	220	10	36
#STAT:25	10	10	55	2	5	1	220	10	36
#STAT:26	10	10	55	2	0	1	220	10	36
#STAT:27	10	10	55	2	6	1	220	10	36
#STAT:28	10	10	55	2	0	1	220	10	36
#STAT:29	10	10	55	1	6	1	220	10	36
#STAT:30	10	10	55	2	0	1	220	10	36
#STAT:31	10	10	55	2	6	1	220	10	36
#STAT:32	10	10	55	2	0	1	220	10	36
#STAT:33	10	10	55	2	6	1	220	10	36
#STAT:34	10	10	55	2	0	1	220	10	36
#STAT:35	10	10	55	2	6	1	220	10	36
