#STAT:Node	CtxIn	CtxSkip	T.Read	T.Ins	T.Prop.	Comm	TotTask	Nb	P
#STAT: 0	70	425	531	506	315	490	4960	30	36
#STAT: 1	68	427	491	461	201	455	4960	30	36
#STAT: 2	66	429	453	423	307	417	4960	30	36
#STAT: 3	64	431	417	387	202	381	4960	30	36
#STAT: 4	62	433	383	353	229	347	4960	30	36
#STAT: 5	60	435	351	321	337	315	4960	30	36
#STAT: 6	58	437	321	291	206	285	4960	30	36
#STAT: 7	56	439	293	268	189	257	4960	30	36
#STAT: 8	54	441	267	237	307	234	4960	30	36
#STAT: 9	52	443	243	213	316	210	4960	30	36
#STAT:10	50	445	221	191	201	188	4960	30	36
#STAT:11	48	447	201	171	311	168	4960	30	36
#STAT:12	47	448	183	153	202	150	4960	30	36
#STAT:13	46	449	166	136	230	133	4960	30	36
#STAT:14	45	450	150	125	337	117	4960	30	36
#STAT:15	44	451	135	105	208	104	4960	30	36
#STAT:16	43	452	121	91	188	90	4960	30	36
#STAT:17	42	453	108	78	309	77	4960	30	36
#STAT:18	30	30	465	26	0	11	4960	30	36
#STAT:19	30	30	465	26	18	11	4960	30	36
#STAT:20	30	30	465	26	0	11	4960	30	36
#STAT:21	30	30	465	26	20	11	4960	30	36
#STAT:22	30	30	465	21	0	11	4960	30	36
#STAT:23	30	30	465	21	16	11	4960	30	36
#STAT:24	30	30	465	26	0	11	4960	30	36
#STAT:25	30	30	465	26	21	11	4960	30	36
#STAT:26	30	30	465	26	0	11	4960	30	36
#STAT:27	30	30	465	26	18	11	4960	30	36
#STAT:28	30	30	465	26	0	11	4960	30	36
#STAT:29	30	30	465	21	15	11	4960	30	36
#STAT:30	30	30	465	26	0	11	4960	30	36
#STAT:31	30	30	465	26	18	11	4960	30	36
#STAT:32	30	30	465	26	0	11	4960	30	36
#STAT:33	30	30	465	25	17	10	4960	30	36
#STAT:34	30	30	465	25	0	10	4960	30	36
#STAT:35	30	30	465	25	17	10	4960	30	36
