#STAT:Node	CtxIn	CtxSkip	T.Read	T.Ins	T.Prop.	Comm	TotTask	Nb	P
#STAT: 0	424	4726	11845	11762	2987	11424	171700	100	36
#STAT: 1	418	4732	11521	11421	3247	11151	171700	100	36
#STAT: 2	412	4738	11203	11103	2637	10833	171700	100	36
#STAT: 3	406	4744	10891	10791	2588	10521	171700	100	36
#STAT: 4	400	4750	10585	10485	3468	10215	171700	100	36
#STAT: 5	394	4756	10285	10185	2787	9915	171700	100	36
#STAT: 6	388	4762	9991	9891	2578	9621	171700	100	36
#STAT: 7	382	4768	9703	9620	3491	9333	171700	100	36
#STAT: 8	376	4774	9421	9321	2735	9096	171700	100	36
#STAT: 9	370	4780	9145	9045	2947	8820	171700	100	36
#STAT:10	365	4785	8875	8775	3294	8550	171700	100	36
#STAT:11	360	4790	8610	8510	2629	8285	171700	100	36
#STAT:12	355	4795	8350	8250	2594	8025	171700	100	36
#STAT:13	350	4800	8095	7995	3459	7770	171700	100	36
#STAT:14	345	4805	7845	7762	2774	7520	171700	100	36
#STAT:15	340	4810	7600	7500	2555	7315	171700	100	36
#STAT:16	335	4815	7360	7260	3434	7075	171700	100	36
#STAT:17	330	4820	7125	7025	2782	6840	171700	100	36
#STAT:18	100	100	5050	292	0	139	171700	100	36
#STAT:19	100	100	5050	292	62	139	171700	100	36
#STAT:20	100	100	5050	292	0	139	171700	100	36
#STAT:21	100	100	5050	292	63	139	171700	100	36
#STAT:22	100	100	5050	275	0	139	171700	100	36
#STAT:23	100	100	5050	275	64	139	171700	100	36
#STAT:24	100	100	5050	275	0	139	171700	100	36
#STAT:25	100	100	5050	275	65	139	171700	100	36
#STAT:26	100	100	5050	275	0	139	171700	100	36
#STAT:27	100	100	5050	275	66	139	171700	100	36
#STAT:28	100	100	5050	275	0	139	171700	100	36
#STAT:29	100	100	5050	259	66	139	171700	100	36
#STAT:30	100	100	5050	275	0	139	171700	100	36
#STAT:31	100	100	5050	275	66	139	171700	100	36
#STAT:32	100	100	5050	275	0	139	171700	100	36
#STAT:33	100	100	5050	274	66	138	171700	100	36
#STAT:34	100	100	5050	274	0	138	171700	100	36
#STAT:35	100	100	5050	274	66	138	171700	100	36
