#STAT:Node	CtxIn	CtxSkip	T.Read	T.Ins	T.Prop.	Comm	TotTask	Nb	P
#STAT: 0	5023	75577	631267	630934	44490	613410	10746800	400	36
#STAT: 1	5000	75600	626644	626244	53355	609546	10746800	400	36
#STAT: 2	4977	75623	622044	621644	46290	604946	10746800	400	36
#STAT: 3	4954	75646	617467	617067	42812	600369	10746800	400	36
#STAT: 4	4932	75668	612913	612513	53345	595815	10746800	400	36
#STAT: 5	4910	75690	608381	607981	45826	591283	10746800	400	36
#STAT: 6	4888	75712	603871	603471	42812	586773	10746800	400	36
#STAT: 7	4866	75734	599383	599050	52543	582285	10746800	400	36
#STAT: 8	4844	75756	594917	594517	46365	578556	10746800	400	36
#STAT: 9	4822	75778	590473	590073	44390	574112	10746800	400	36
#STAT:10	4800	75800	586051	585651	53344	569690	10746800	400	36
#STAT:11	4778	75822	581651	581251	46332	565290	10746800	400	36
#STAT:12	4756	75844	577273	576873	42882	560912	10746800	400	36
#STAT:13	4734	75866	572917	572517	53341	556556	10746800	400	36
#STAT:14	4712	75888	568583	568250	45717	552222	10746800	400	36
#STAT:15	4690	75910	564271	563871	42713	548625	10746800	400	36
#STAT:16	4668	75932	559981	559581	52558	544335	10746800	400	36
#STAT:17	4646	75954	555713	555313	46431	540067	10746800	400	36
#STAT:18	400	400	80200	4501	0	2223	10746800	400	36
#STAT:19	400	400	80200	4501	264	2223	10746800	400	36
#STAT:20	400	400	80200	4501	0	2223	10746800	400	36
#STAT:21	400	400	80200	4500	264	2222	10746800	400	36
#STAT:22	400	400	80200	4433	0	2222	10746800	400	36
#STAT:23	400	400	80200	4433	268	2222	10746800	400	36
#STAT:24	400	400	80200	4433	0	2222	10746800	400	36
#STAT:25	400	400	80200	4433	266	2222	10746800	400	36
#STAT:26	400	400	80200	4433	0	2222	10746800	400	36
#STAT:27	400	400	80200	4433	264	2222	10746800	400	36
#STAT:28	400	400	80200	4433	0	2222	10746800	400	36
#STAT:29	400	400	80200	4367	264	2222	10746800	400	36
#STAT:30	400	400	80200	4433	0	2222	10746800	400	36
#STAT:31	400	400	80200	4433	263	2222	10746800	400	36
#STAT:32	400	400	80200	4433	0	2222	10746800	400	36
#STAT:33	400	400	80200	4433	267	2222	10746800	400	36
#STAT:34	400	400	80200	4433	0	2222	10746800	400	36
#STAT:35	400	400	80200	4433	264	2222	10746800	400	36
