#STAT:Node	CtxIn	CtxSkip	T.Read	T.Ins	T.Prop.	Comm	TotTask	Nb	P
#STAT: 0	143	1182	1862	1821	788	1758	22100	50	36
#STAT: 1	140	1185	1769	1719	812	1680	22100	50	36
#STAT: 2	137	1188	1679	1629	581	1590	22100	50	36
#STAT: 3	134	1191	1592	1542	626	1503	22100	50	36
#STAT: 4	131	1194	1508	1458	898	1419	22100	50	36
#STAT: 5	128	1197	1427	1377	654	1338	22100	50	36
#STAT: 6	125	1200	1349	1299	611	1260	22100	50	36
#STAT: 7	122	1203	1274	1233	905	1185	22100	50	36
#STAT: 8	119	1206	1202	1152	642	1125	22100	50	36
#STAT: 9	116	1209	1133	1083	789	1056	22100	50	36
#STAT:10	113	1212	1067	1017	811	990	22100	50	36
#STAT:11	110	1215	1004	954	580	927	22100	50	36
#STAT:12	107	1218	944	894	628	876	22100	50	36
#STAT:13	104	1221	887	837	900	819	22100	50	36
#STAT:14	102	1223	833	791	656	765	22100	50	36
#STAT:15	100	1225	781	731	613	720	22100	50	36
#STAT:16	98	1227	731	681	911	670	22100	50	36
#STAT:17	96	1229	683	633	648	622	22100	50	36
#STAT:18	50	50	1275	71	0	35	22100	50	36
#STAT:19	50	50	1275	71	28	35	22100	50	36
#STAT:20	50	50	1275	71	1	35	22100	50	36
#STAT:21	50	50	1275	71	30	35	22100	50	36
#STAT:22	50	50	1275	63	1	35	22100	50	36
#STAT:23	50	50	1275	63	30	35	22100	50	36
#STAT:24	50	50	1275	71	1	35	22100	50	36
#STAT:25	50	50	1275	71	28	35	22100	50	36
#STAT:26	50	50	1275	71	1	35	22100	50	36
#STAT:27	50	50	1275	71	30	35	22100	50	36
#STAT:28	50	50	1275	71	1	35	22100	50	36
#STAT:29	50	50	1275	63	30	35	22100	50	36
#STAT:30	50	50	1275	71	1	35	22100	50	36
#STAT:31	50	50	1275	70	28	34	22100	50	36
#STAT:32	50	50	1275	70	1	34	22100	50	36
#STAT:33	50	50	1275	70	30	34	22100	50	36
#STAT:34	50	50	1275	70	1	34	22100	50	36
#STAT:35	50	50	1275	70	30	34	22100	50	36
