#STAT:Node	CtxIn	CtxSkip	T.Read	T.Ins	T.Prop.	Comm	TotTask	Nb	P
#STAT: 0	187	673	2161	2128	458	1974	11480	40	12
#STAT: 1	180	680	2014	1974	598	1848	11480	40	12
#STAT: 2	173	687	1874	1841	395	1708	11480	40	12
#STAT: 3	166	694	1741	1701	449	1596	11480	40	12
#STAT: 4	160	700	1615	1581	596	1470	11480	40	12
#STAT: 5	154	706	1495	1455	399	1365	11480	40	12
#STAT: 6	40	40	820	141	0	64	11480	40	12
#STAT: 7	40	40	820	141	26	64	11480	40	12
#STAT: 8	40	40	820	133	0	63	11480	40	12
#STAT: 9	40	40	820	133	26	63	11480	40	12
#STAT:10	40	40	820	126	0	63	11480	40	12
#STAT:11	40	40	820	126	26	63	11480	40	12
