#STAT:Node	CtxIn	CtxSkip	T.Read	T.Ins	T.Prop.	Comm	TotTask	Nb	P
#STAT: 0	60	170	330	314	112	292	1540	20	12
#STAT: 1	56	174	290	270	166	258	1540	20	12
#STAT: 2	53	177	254	237	97	222	1540	20	12
#STAT: 3	50	180	221	201	129	192	1540	20	12
#STAT: 4	47	183	191	174	166	162	1540	20	12
#STAT: 5	44	186	164	144	85	138	1540	20	12
#STAT: 6	20	20	210	37	0	15	1540	20	12
#STAT: 7	20	20	210	37	9	15	1540	20	12
#STAT: 8	20	20	210	33	1	15	1540	20	12
#STAT: 9	20	20	210	33	12	15	1540	20	12
#STAT:10	20	20	210	30	1	15	1540	20	12
#STAT:11	20	20	210	30	12	15	1540	20	12
