#STAT:Node	CtxIn	CtxSkip	T.Read	T.Ins	T.Prop.	Comm	TotTask	Nb	P
#STAT: 0	7900	37550	769125	768875	23516	706350	4545100	300	12
#STAT: 1	7850	37600	761525	761225	24725	699975	4545100	300	12
#STAT: 2	7800	37650	753975	753725	28216	692425	4545100	300	12
#STAT: 3	7750	37700	746475	746175	23421	686150	4545100	300	12
#STAT: 4	7700	37750	739025	738775	24676	678700	4545100	300	12
#STAT: 5	7650	37800	731625	731325	28266	672525	4545100	300	12
#STAT: 6	300	300	45150	7550	0	3725	4545100	300	12
#STAT: 7	300	300	45150	7550	200	3725	4545100	300	12
#STAT: 8	300	300	45150	7500	0	3725	4545100	300	12
#STAT: 9	300	300	45150	7500	200	3725	4545100	300	12
#STAT:10	300	300	45150	7450	0	3725	4545100	300	12
#STAT:11	300	300	45150	7450	149	3725	4545100	300	12
