#STAT:Node	CtxIn	CtxSkip	T.Read	T.Ins	T.Prop.	Comm	TotTask	Nb	P
#STAT: 0	115	380	975	950	255	885	4960	30	12
#STAT: 1	110	385	890	860	227	810	4960	30	12
#STAT: 2	105	390	810	785	341	730	4960	30	12
#STAT: 3	100	395	735	705	254	665	4960	30	12
#STAT: 4	95	400	665	640	227	595	4960	30	12
#STAT: 5	90	405	600	570	346	540	4960	30	12
#STAT: 6	30	30	465	80	0	35	4960	30	12
#STAT: 7	30	30	465	80	20	35	4960	30	12
#STAT: 8	30	30	465	75	0	35	4960	30	12
#STAT: 9	30	30	465	75	20	35	4960	30	12
#STAT:10	30	30	465	70	0	35	4960	30	12
#STAT:11	30	30	465	70	14	35	4960	30	12
