#STAT:Node	CtxIn	CtxSkip	T.Read	T.Ins	T.Prop.	Comm	TotTask	Nb	P
#STAT: 0	7234	73366	926254	925888	43040	888267	10746800	400	24
#STAT: 1	7200	73400	919420	919020	52982	881994	10746800	400	24
#STAT: 2	7166	73434	912620	912253	45498	875194	10746800	400	24
#STAT: 3	7132	73468	905854	905454	42989	868989	10746800	400	24
#STAT: 4	7099	73501	899122	898755	52979	862257	10746800	400	24
#STAT: 5	7066	73534	892423	892023	45560	856086	10746800	400	24
#STAT: 6	7033	73567	885757	885357	43064	849420	10746800	400	24
#STAT: 7	7000	73600	879124	878758	52950	842787	10746800	400	24
#STAT: 8	6967	73633	872524	872124	45452	836748	10746800	400	24
#STAT: 9	6934	73666	865957	865590	42974	830181	10746800	400	24
#STAT:10	6901	73699	859423	859023	52950	824175	10746800	400	24
#STAT:11	6868	73732	852922	852555	45520	817674	10746800	400	24
#STAT:12	400	400	80200	6709	0	3309	10746800	400	24
#STAT:13	400	400	80200	6676	266	3309	10746800	400	24
#STAT:14	400	400	80200	6676	0	3309	10746800	400	24
#STAT:15	400	400	80200	6642	267	3309	10746800	400	24
#STAT:16	400	400	80200	6641	0	3308	10746800	400	24
#STAT:17	400	400	80200	6608	268	3308	10746800	400	24
#STAT:18	400	400	80200	6708	0	3308	10746800	400	24
#STAT:19	400	400	80200	6708	264	3308	10746800	400	24
#STAT:20	400	400	80200	6675	0	3308	10746800	400	24
#STAT:21	400	400	80200	6675	264	3308	10746800	400	24
#STAT:22	400	400	80200	6641	0	3308	10746800	400	24
#STAT:23	400	400	80200	6641	264	3308	10746800	400	24
