#STAT:Node	CtxIn	CtxSkip	T.Read	T.Ins	T.Prop.	Comm	TotTask	Nb	P
#STAT: 0	21500	104250	3524930	3524514	64752	3235092	20958500	500	12
#STAT: 1	21416	104334	3503930	3503430	81086	3217578	20958500	500	12
#STAT: 2	21333	104417	3483014	3482597	67297	3196662	20958500	500	12
#STAT: 3	21250	104500	3462181	3461681	64849	3179232	20958500	500	12
#STAT: 4	21167	104583	3441431	3441014	81046	3158482	20958500	500	12
#STAT: 5	21084	104666	3420764	3420264	67205	3141218	20958500	500	12
#STAT: 6	500	500	125250	20917	0	10375	20958500	500	12
#STAT: 7	500	500	125250	20917	249	10375	20958500	500	12
#STAT: 8	500	500	125250	20833	1	10375	20958500	500	12
#STAT: 9	500	500	125250	20833	332	10375	20958500	500	12
#STAT:10	500	500	125250	20750	1	10375	20958500	500	12
#STAT:11	500	500	125250	20750	332	10375	20958500	500	12
