#STAT:Node	CtxIn	CtxSkip	T.Read	T.Ins	T.Prop.	Comm	TotTask	Nb	P
#STAT: 0	275	1050	4055	4014	697	3717	22100	50	12
#STAT: 1	266	1059	3830	3780	912	3528	22100	50	12
#STAT: 2	258	1067	3614	3572	632	3312	22100	50	12
#STAT: 3	250	1075	3406	3356	702	3132	22100	50	12
#STAT: 4	242	1083	3206	3164	909	2932	22100	50	12
#STAT: 5	234	1091	3014	2964	628	2768	22100	50	12
#STAT: 6	50	50	1275	217	0	100	22100	50	12
#STAT: 7	50	50	1275	217	24	100	22100	50	12
#STAT: 8	50	50	1275	208	1	100	22100	50	12
#STAT: 9	50	50	1275	208	32	100	22100	50	12
#STAT:10	50	50	1275	200	1	100	22100	50	12
#STAT:11	50	50	1275	200	32	100	22100	50	12
