#STAT:Node	CtxIn	CtxSkip	T.Read	T.Ins	T.Prop.	Comm	TotTask	Nb	P
#STAT: 0	967	4183	29986	29903	2693	27574	171700	100	12
#STAT: 1	950	4200	29119	29019	3423	26843	171700	100	12
#STAT: 2	933	4217	28269	28186	2610	25993	171700	100	12
#STAT: 3	916	4234	27436	27336	2674	25296	171700	100	12
#STAT: 4	900	4250	26620	26536	3426	24480	171700	100	12
#STAT: 5	884	4266	25820	25720	2624	23800	171700	100	12
#STAT: 6	100	100	5050	851	0	409	171700	100	12
#STAT: 7	100	100	5050	851	66	409	171700	100	12
#STAT: 8	100	100	5050	833	0	408	171700	100	12
#STAT: 9	100	100	5050	833	66	408	171700	100	12
#STAT:10	100	100	5050	816	0	408	171700	100	12
#STAT:11	100	100	5050	816	66	408	171700	100	12
