#STAT:Node	CtxIn	CtxSkip	T.Read	T.Ins	T.Prop.	Comm	TotTask	Nb	P
#STAT: 0	1400	18900	83966	83800	11361	81390	1353400	200	36
#STAT: 1	1388	18912	82766	82566	13517	80388	1353400	200	36
#STAT: 2	1377	18923	81578	81378	11385	79200	1353400	200	36
#STAT: 3	1366	18934	80401	80201	10607	78023	1353400	200	36
#STAT: 4	1355	18945	79235	79035	13507	76857	1353400	200	36
#STAT: 5	1344	18956	78080	77880	11102	75702	1353400	200	36
#STAT: 6	1333	18967	76936	76736	10538	74558	1353400	200	36
#STAT: 7	1322	18978	75803	75637	13106	73425	1353400	200	36
#STAT: 8	1311	18989	74681	74481	11452	72490	1353400	200	36
#STAT: 9	1300	19000	73570	73370	11389	71379	1353400	200	36
#STAT:10	1289	19011	72470	72270	13512	70279	1353400	200	36
#STAT:11	1278	19022	71381	71181	11380	69190	1353400	200	36
#STAT:12	1267	19033	70303	70103	10587	68288	1353400	200	36
#STAT:13	1256	19044	69236	69036	13531	67221	1353400	200	36
#STAT:14	1245	19055	68180	68013	11165	66165	1353400	200	36
#STAT:15	1234	19066	67135	66935	10571	65285	1353400	200	36
#STAT:16	1223	19077	66101	65901	13141	64251	1353400	200	36
#STAT:17	1212	19088	65078	64878	11434	63228	1353400	200	36
#STAT:18	200	200	20100	1117	0	556	1353400	200	36
#STAT:19	200	200	20100	1117	119	556	1353400	200	36
#STAT:20	200	200	20100	1117	0	556	1353400	200	36
#STAT:21	200	200	20100	1117	132	556	1353400	200	36
#STAT:22	200	200	20100	1084	0	556	1353400	200	36
#STAT:23	200	200	20100	1084	132	556	1353400	200	36
#STAT:24	200	200	20100	1117	1	556	1353400	200	36
#STAT:25	200	200	20100	1117	119	556	1353400	200	36
#STAT:26	200	200	20100	1117	0	556	1353400	200	36
#STAT:27	200	200	20100	1117	132	556	1353400	200	36
#STAT:28	200	200	20100	1116	0	555	1353400	200	36
#STAT:29	200	200	20100	1083	132	555	1353400	200	36
#STAT:30	200	200	20100	1116	1	555	1353400	200	36
#STAT:31	200	200	20100	1116	119	555	1353400	200	36
#STAT:32	200	200	20100	1116	0	555	1353400	200	36
#STAT:33	200	200	20100	1116	132	555	1353400	200	36
#STAT:34	200	200	20100	1116	0	555	1353400	200	36
#STAT:35	200	200	20100	1116	132	555	1353400	200	36
