#STAT:Node	CtxIn	CtxSkip	T.Read	T.Ins	T.Prop.	Comm	TotTask	Nb	P
#STAT: 0	7668	118082	1217562	1217146	69075	1182958	20958500	500	36
#STAT: 1	7640	118110	1210394	1209894	82120	1176980	20958500	500	36
#STAT: 2	7612	118138	1203254	1202754	71929	1169840	20958500	500	36
#STAT: 3	7584	118166	1196142	1195642	67145	1162728	20958500	500	36
#STAT: 4	7556	118194	1189058	1188558	83118	1155644	20958500	500	36
#STAT: 5	7528	118222	1182002	1181502	72639	1148588	20958500	500	36
#STAT: 6	7500	118250	1174974	1174474	66970	1141560	20958500	500	36
#STAT: 7	7472	118278	1167974	1167558	83124	1134560	20958500	500	36
#STAT: 8	7444	118306	1161002	1160502	72568	1128750	20958500	500	36
#STAT: 9	7416	118334	1154058	1153558	69116	1121806	20958500	500	36
#STAT:10	7388	118362	1147142	1146642	82140	1114890	20958500	500	36
#STAT:11	7360	118390	1140254	1139754	71847	1108002	20958500	500	36
#STAT:12	7332	118418	1133394	1132894	67082	1102276	20958500	500	36
#STAT:13	7304	118446	1126562	1126062	83118	1095444	20958500	500	36
#STAT:14	7277	118473	1119758	1119341	72764	1088640	20958500	500	36
#STAT:15	7250	118500	1112981	1112481	67047	1082970	20958500	500	36
#STAT:16	7223	118527	1106231	1105731	83118	1076220	20958500	500	36
#STAT:17	7196	118554	1099508	1099008	72588	1069497	20958500	500	36
#STAT:18	500	500	125250	6959	0	3473	20958500	500	36
#STAT:19	500	500	125250	6959	303	3473	20958500	500	36
#STAT:20	500	500	125250	6959	1	3473	20958500	500	36
#STAT:21	500	500	125250	6959	330	3473	20958500	500	36
#STAT:22	500	500	125250	6875	1	3472	20958500	500	36
#STAT:23	500	500	125250	6875	330	3472	20958500	500	36
#STAT:24	500	500	125250	6958	1	3472	20958500	500	36
#STAT:25	500	500	125250	6958	303	3472	20958500	500	36
#STAT:26	500	500	125250	6958	1	3472	20958500	500	36
#STAT:27	500	500	125250	6958	330	3472	20958500	500	36
#STAT:28	500	500	125250	6958	1	3472	20958500	500	36
#STAT:29	500	500	125250	6875	330	3472	20958500	500	36
#STAT:30	500	500	125250	6958	1	3472	20958500	500	36
#STAT:31	500	500	125250	6958	303	3472	20958500	500	36
#STAT:32	500	500	125250	6958	1	3472	20958500	500	36
#STAT:33	500	500	125250	6958	330	3472	20958500	500	36
#STAT:34	500	500	125250	6958	1	3472	20958500	500	36
#STAT:35	500	500	125250	6958	330	3472	20958500	500	36
