#STAT:Node	CtxIn	CtxSkip	T.Read	T.Ins	T.Prop.	Comm	TotTask	Nb	P
#STAT: 0	13867	66733	1811611	1811278	41618	1663074	10746800	400	12
#STAT: 1	13800	66800	1798144	1797744	52048	1651818	10746800	400	12
#STAT: 2	13733	66867	1784744	1784411	42935	1638418	10746800	400	12
#STAT: 3	13666	66934	1771411	1771011	41549	1627296	10746800	400	12
#STAT: 4	13600	67000	1758145	1757811	52076	1614030	10746800	400	12
#STAT: 5	13534	67066	1744945	1744545	42999	1602975	10746800	400	12
#STAT: 6	400	400	80200	13401	0	6634	10746800	400	12
#STAT: 7	400	400	80200	13401	266	6634	10746800	400	12
#STAT: 8	400	400	80200	13333	0	6633	10746800	400	12
#STAT: 9	400	400	80200	13333	266	6633	10746800	400	12
#STAT:10	400	400	80200	13266	0	6633	10746800	400	12
#STAT:11	400	400	80200	13266	266	6633	10746800	400	12
