#STAT:Node	CtxIn	CtxSkip	T.Read	T.Ins	T.Prop.	Comm	TotTask	Nb	P
#STAT: 0	46	184	238	220	137	209	1540	20	24
#STAT: 1	44	186	212	192	174	184	1540	20	24
#STAT: 2	42	188	188	170	132	160	1540	20	24
#STAT: 3	40	190	166	146	143	141	1540	20	24
#STAT: 4	38	192	146	126	185	121	1540	20	24
#STAT: 5	36	194	128	110	95	103	1540	20	24
#STAT: 6	34	196	112	92	144	88	1540	20	24
#STAT: 7	32	198	98	80	159	74	1540	20	24
#STAT: 8	31	199	86	67	110	65	1540	20	24
#STAT: 9	30	200	75	55	152	54	1540	20	24
#STAT:10	29	201	65	47	156	44	1540	20	24
#STAT:11	28	202	56	36	114	36	1540	20	24
#STAT:12	20	20	210	17	0	9	1540	20	24
#STAT:13	20	20	210	17	16	9	1540	20	24
#STAT:14	20	20	210	16	0	9	1540	20	24
#STAT:15	20	20	210	16	17	9	1540	20	24
#STAT:16	20	20	210	18	1	8	1540	20	24
#STAT:17	20	20	210	16	16	8	1540	20	24
#STAT:18	20	20	210	16	0	8	1540	20	24
#STAT:19	20	20	210	15	17	8	1540	20	24
#STAT:20	20	20	210	18	1	8	1540	20	24
#STAT:21	20	20	210	18	16	8	1540	20	24
#STAT:22	20	20	210	16	0	8	1540	20	24
#STAT:23	20	20	210	16	17	8	1540	20	24
