#STAT:Node	CtxIn	CtxSkip	T.Read	T.Ins	T.Prop.	Comm	TotTask	Nb	P
#STAT: 0	1951	18349	120628	120445	16644	115379	1353400	200	24
#STAT: 1	1934	18366	118877	118677	16933	113764	1353400	200	24
#STAT: 2	1917	18383	117143	116960	16103	112030	1353400	200	24
#STAT: 3	1900	18400	115426	115226	16425	110466	1353400	200	24
#STAT: 4	1883	18417	113726	113526	16959	108766	1353400	200	24
#STAT: 5	1866	18434	112043	111860	16210	107083	1353400	200	24
#STAT: 6	1849	18451	110377	110177	16422	105553	1353400	200	24
#STAT: 7	1832	18468	108728	108545	16673	103904	1353400	200	24
#STAT: 8	1816	18484	107096	106912	16342	102680	1353400	200	24
#STAT: 9	1800	18500	105480	105280	16655	101184	1353400	200	24
#STAT:10	1784	18516	103880	103697	16789	99584	1353400	200	24
#STAT:11	1768	18532	102296	102096	16036	98136	1353400	200	24
#STAT:12	200	200	20100	1667	0	834	1353400	200	24
#STAT:13	200	200	20100	1667	196	834	1353400	200	24
#STAT:14	200	200	20100	1651	0	834	1353400	200	24
#STAT:15	200	200	20100	1651	182	834	1353400	200	24
#STAT:16	200	200	20100	1683	1	833	1353400	200	24
#STAT:17	200	200	20100	1666	196	833	1353400	200	24
#STAT:18	200	200	20100	1666	0	833	1353400	200	24
#STAT:19	200	200	20100	1650	182	833	1353400	200	24
#STAT:20	200	200	20100	1683	1	833	1353400	200	24
#STAT:21	200	200	20100	1683	196	833	1353400	200	24
#STAT:22	200	200	20100	1666	0	833	1353400	200	24
#STAT:23	200	200	20100	1666	182	833	1353400	200	24
