#STAT:Node	CtxIn	CtxSkip	T.Read	T.Ins	T.Prop.	Comm	TotTask	Nb	P
#STAT: 0	124	736	1324	1288	627	1236	11480	40	24
#STAT: 1	120	740	1240	1200	682	1158	11480	40	24
#STAT: 2	116	744	1160	1123	577	1078	11480	40	24
#STAT: 3	112	748	1084	1044	623	1008	11480	40	24
#STAT: 4	109	751	1012	972	695	936	11480	40	24
#STAT: 5	106	754	943	907	557	867	11480	40	24
#STAT: 6	103	757	877	837	624	807	11480	40	24
#STAT: 7	100	760	814	777	668	744	11480	40	24
#STAT: 8	97	763	754	717	553	684	11480	40	24
#STAT: 9	94	766	697	657	624	630	11480	40	24
#STAT:10	91	769	643	607	669	576	11480	40	24
#STAT:11	88	772	592	552	532	531	11480	40	24
#STAT:12	40	40	820	74	0	34	11480	40	24
#STAT:13	40	40	820	74	38	34	11480	40	24
#STAT:14	40	40	820	71	0	34	11480	40	24
#STAT:15	40	40	820	70	36	33	11480	40	24
#STAT:16	40	40	820	66	0	33	11480	40	24
#STAT:17	40	40	820	63	40	33	11480	40	24
#STAT:18	40	40	820	63	0	33	11480	40	24
#STAT:19	40	40	820	60	33	33	11480	40	24
#STAT:20	40	40	820	66	0	33	11480	40	24
#STAT:21	40	40	820	66	36	33	11480	40	24
#STAT:22	40	40	820	63	0	33	11480	40	24
#STAT:23	40	40	820	63	33	33	11480	40	24
