#STAT:Node	CtxIn	CtxSkip	T.Read	T.Ins	T.Prop.	Comm	TotTask	Nb	P
#STAT: 0	11126	114624	1794278	1793820	67096	1720593	20958500	500	24
#STAT: 1	11084	114666	1783652	1783152	82539	1710828	20958500	500	24
#STAT: 2	11042	114708	1773068	1772609	71340	1700244	20958500	500	24
#STAT: 3	11000	114750	1762526	1762026	67192	1690563	20958500	500	24
#STAT: 4	10958	114792	1752026	1751568	82536	1680063	20958500	500	24
#STAT: 5	10916	114834	1741568	1741068	71236	1670466	20958500	500	24
#STAT: 6	10874	114876	1731152	1730652	67119	1660050	20958500	500	24
#STAT: 7	10832	114918	1720778	1720320	82531	1649676	20958500	500	24
#STAT: 8	10791	114959	1710446	1709946	71284	1640205	20958500	500	24
#STAT: 9	10750	115000	1700155	1699696	67208	1629914	20958500	500	24
#STAT:10	10709	115041	1689905	1689405	82498	1620484	20958500	500	24
#STAT:11	10668	115082	1679696	1679238	71204	1610275	20958500	500	24
#STAT:12	500	500	125250	10470	0	5178	20958500	500	24
#STAT:13	500	500	125250	10427	332	5177	20958500	500	24
#STAT:14	500	500	125250	10427	0	5177	20958500	500	24
#STAT:15	500	500	125250	10385	332	5177	20958500	500	24
#STAT:16	500	500	125250	10385	1	5177	20958500	500	24
#STAT:17	500	500	125250	10344	332	5177	20958500	500	24
#STAT:18	500	500	125250	10469	0	5177	20958500	500	24
#STAT:19	500	500	125250	10469	249	5177	20958500	500	24
#STAT:20	500	500	125250	10427	1	5177	20958500	500	24
#STAT:21	500	500	125250	10427	332	5177	20958500	500	24
#STAT:22	500	500	125250	10385	0	5177	20958500	500	24
#STAT:23	500	500	125250	10385	332	5177	20958500	500	24
