#STAT:Node	CtxIn	CtxSkip	T.Read	T.Ins	T.Prop.	Comm	TotTask	Nb	P
#STAT: 0	559	4591	16354	16263	2739	15642	171700	100	24
#STAT: 1	550	4600	15895	15795	3446	15219	171700	100	24
#STAT: 2	541	4609	15445	15353	2730	14769	171700	100	24
#STAT: 3	532	4618	15004	14904	2718	14364	171700	100	24
#STAT: 4	524	4626	14572	14480	3440	13932	171700	100	24
#STAT: 5	516	4634	14148	14048	2744	13536	171700	100	24
#STAT: 6	508	4642	13732	13632	2740	13120	171700	100	24
#STAT: 7	500	4650	13324	13233	3436	12712	171700	100	24
#STAT: 8	492	4658	12924	12824	2720	12348	171700	100	24
#STAT: 9	484	4666	12532	12440	2720	11956	171700	100	24
#STAT:10	476	4674	12148	12048	3438	11600	171700	100	24
#STAT:11	468	4682	11772	11680	2736	11224	171700	100	24
#STAT:12	100	100	5050	428	0	203	171700	100	24
#STAT:13	100	100	5050	419	66	202	171700	100	24
#STAT:14	100	100	5050	419	0	202	171700	100	24
#STAT:15	100	100	5050	410	67	202	171700	100	24
#STAT:16	100	100	5050	410	0	202	171700	100	24
#STAT:17	100	100	5050	402	68	202	171700	100	24
#STAT:18	100	100	5050	427	0	202	171700	100	24
#STAT:19	100	100	5050	427	64	202	171700	100	24
#STAT:20	100	100	5050	419	0	202	171700	100	24
#STAT:21	100	100	5050	419	64	202	171700	100	24
#STAT:22	100	100	5050	410	0	202	171700	100	24
#STAT:23	100	100	5050	410	64	202	171700	100	24
