#STAT:Node	CtxIn	CtxSkip	T.Read	T.Ins	T.Prop.	Comm	TotTask	Nb	P
#STAT: 0	3600	16700	230805	230639	10477	212092	1353400	200	12
#STAT: 1	3566	16734	227405	227205	13261	209253	1353400	200	12
#STAT: 2	3533	16767	224039	223872	10672	205887	1353400	200	12
#STAT: 3	3500	16800	220706	220506	10524	203082	1353400	200	12
#STAT: 4	3467	16833	217406	217239	13246	199782	1353400	200	12
#STAT: 5	3434	16866	214139	213939	10630	197043	1353400	200	12
#STAT: 6	200	200	20100	3367	0	1650	1353400	200	12
#STAT: 7	200	200	20100	3367	99	1650	1353400	200	12
#STAT: 8	200	200	20100	3333	1	1650	1353400	200	12
#STAT: 9	200	200	20100	3333	132	1650	1353400	200	12
#STAT:10	200	200	20100	3300	1	1650	1353400	200	12
#STAT:11	200	200	20100	3300	132	1650	1353400	200	12
