#STAT:Node	CtxIn	CtxSkip	T.Read	T.Ins	T.Prop.	Comm	TotTask	Nb	P
#STAT: 0	4175	41275	396150	395875	24275	379925	4545100	300	24
#STAT: 1	4150	41300	392275	391975	25784	376350	4545100	300	24
#STAT: 2	4125	41325	388425	388150	29322	372500	4545100	300	24
#STAT: 3	4100	41350	384600	384300	24254	369000	4545100	300	24
#STAT: 4	4075	41375	380800	380525	25787	365200	4545100	300	24
#STAT: 5	4050	41400	377025	376725	29350	361725	4545100	300	24
#STAT: 6	4025	41425	373275	372975	24254	357975	4545100	300	24
#STAT: 7	4000	41450	369550	369275	25766	354250	4545100	300	24
#STAT: 8	3975	41475	365850	365550	29309	350850	4545100	300	24
#STAT: 9	3950	41500	362175	361900	24241	347175	4545100	300	24
#STAT:10	3925	41525	358525	358225	25770	343825	4545100	300	24
#STAT:11	3900	41550	354900	354625	29322	340200	4545100	300	24
#STAT:12	300	300	45150	3782	0	1857	4545100	300	24
#STAT:13	300	300	45150	3757	200	1857	4545100	300	24
#STAT:14	300	300	45150	3757	0	1857	4545100	300	24
#STAT:15	300	300	45150	3731	200	1856	4545100	300	24
#STAT:16	300	300	45150	3731	0	1856	4545100	300	24
#STAT:17	300	300	45150	3706	200	1856	4545100	300	24
#STAT:18	300	300	45150	3781	0	1856	4545100	300	24
#STAT:19	300	300	45150	3781	199	1856	4545100	300	24
#STAT:20	300	300	45150	3756	0	1856	4545100	300	24
#STAT:21	300	300	45150	3756	198	1856	4545100	300	24
#STAT:22	300	300	45150	3731	0	1856	4545100	300	24
#STAT:23	300	300	45150	3731	147	1856	4545100	300	24
