#STAT:Node	CtxIn	CtxSkip	T.Read	T.Ins	T.Prop.	Comm	TotTask	Nb	P
#STAT: 0	1951	18349	120628	120445	10794	115668	1353400	200	24
#STAT: 1	1934	18366	118877	118677	13425	114053	1353400	200	24
#STAT: 2	1917	18383	117143	116959	11246	112319	1353400	200	24
#STAT: 3	1900	18400	115426	115226	10838	110738	1353400	200	24
#STAT: 4	1883	18417	113726	113543	13414	109038	1353400	200	24
#STAT: 5	1866	18434	112043	111843	11202	107491	1353400	200	24
#STAT: 6	1849	18451	110377	110177	10796	105825	1353400	200	24
#STAT: 7	1832	18468	108728	108545	13420	104176	1353400	200	24
#STAT: 8	1816	18484	107096	106896	11229	102680	1353400	200	24
#STAT: 9	1800	18500	105480	105296	10837	101064	1353400	200	24
#STAT:10	1784	18516	103880	103680	13421	99584	1353400	200	24
#STAT:11	1768	18532	102296	102113	11188	98000	1353400	200	24
#STAT:12	200	200	20100	1688	0	821	1353400	200	24
#STAT:13	200	200	20100	1671	132	821	1353400	200	24
#STAT:14	200	200	20100	1671	0	821	1353400	200	24
#STAT:15	200	200	20100	1654	132	821	1353400	200	24
#STAT:16	200	200	20100	1654	1	821	1353400	200	24
#STAT:17	200	200	20100	1638	132	821	1353400	200	24
#STAT:18	200	200	20100	1688	0	821	1353400	200	24
#STAT:19	200	200	20100	1688	99	821	1353400	200	24
#STAT:20	200	200	20100	1671	1	821	1353400	200	24
#STAT:21	200	200	20100	1671	132	821	1353400	200	24
#STAT:22	200	200	20100	1653	0	820	1353400	200	24
#STAT:23	200	200	20100	1653	132	820	1353400	200	24
