#STAT:Node	CtxIn	CtxSkip	T.Read	T.Ins	T.Prop.	Comm	TotTask	Nb	P
#STAT: 0	19	46	55	46	24	44	220	10	24
#STAT: 1	18	47	46	36	36	35	220	10	24
#STAT: 2	17	48	38	29	24	27	220	10	24
#STAT: 3	16	49	31	21	26	21	220	10	24
#STAT: 4	15	50	25	15	37	15	220	10	24
#STAT: 5	14	51	20	11	24	10	220	10	24
#STAT: 6	13	52	16	6	26	6	220	10	24
#STAT: 7	12	53	13	4	37	3	220	10	24
#STAT: 8	11	54	11	2	25	1	220	10	24
#STAT: 9	10	55	10	0	24	0	220	10	24
#STAT:10	10	55	10	1	35	0	220	10	24
#STAT:11	10	55	10	0	25	0	220	10	24
#STAT:12	10	10	55	6	0	2	220	10	24
#STAT:13	10	10	55	6	8	2	220	10	24
#STAT:14	10	10	55	5	0	2	220	10	24
#STAT:15	10	10	55	5	8	2	220	10	24
#STAT:16	10	10	55	4	0	2	220	10	24
#STAT:17	10	10	55	3	10	2	220	10	24
#STAT:18	10	10	55	3	0	2	220	10	24
#STAT:19	10	10	55	3	5	2	220	10	24
#STAT:20	10	10	55	4	0	2	220	10	24
#STAT:21	10	10	55	4	6	2	220	10	24
#STAT:22	10	10	55	3	0	2	220	10	24
#STAT:23	10	10	55	3	5	2	220	10	24
