#STAT:Node	CtxIn	CtxSkip	T.Read	T.Ins	T.Prop.	Comm	TotTask	Nb	P
#STAT: 0	4175	41275	396150	395875	37661	379925	4545100	300	24
#STAT: 1	4150	41300	392275	391975	36991	376350	4545100	300	24
#STAT: 2	4125	41325	388425	388150	37680	372500	4545100	300	24
#STAT: 3	4100	41350	384600	384300	37189	369000	4545100	300	24
#STAT: 4	4075	41375	380800	380500	37149	365200	4545100	300	24
#STAT: 5	4050	41400	377025	376750	38073	361425	4545100	300	24
#STAT: 6	4025	41425	373275	372975	37180	357975	4545100	300	24
#STAT: 7	4000	41450	369550	369275	36533	354250	4545100	300	24
#STAT: 8	3975	41475	365850	365575	38125	350550	4545100	300	24
#STAT: 9	3950	41500	362175	361875	37638	347175	4545100	300	24
#STAT:10	3925	41525	358525	358250	36678	343525	4545100	300	24
#STAT:11	3900	41550	354900	354600	37568	340200	4545100	300	24
#STAT:12	300	300	45150	3750	0	1850	4545100	300	24
#STAT:13	300	300	45150	3750	300	1850	4545100	300	24
#STAT:14	300	300	45150	3725	0	1850	4545100	300	24
#STAT:15	300	300	45150	3725	274	1850	4545100	300	24
#STAT:16	300	300	45150	3775	0	1850	4545100	300	24
#STAT:17	300	300	45150	3750	298	1850	4545100	300	24
#STAT:18	300	300	45150	3750	0	1850	4545100	300	24
#STAT:19	300	300	45150	3725	272	1850	4545100	300	24
#STAT:20	300	300	45150	3775	0	1850	4545100	300	24
#STAT:21	300	300	45150	3775	296	1850	4545100	300	24
#STAT:22	300	300	45150	3750	0	1850	4545100	300	24
#STAT:23	300	300	45150	3750	270	1850	4545100	300	24
