#STAT:Node	CtxIn	CtxSkip	T.Read	T.Ins	T.Prop.	Comm	TotTask	Nb	P
#STAT: 0	103	757	1057	1024	530	990	11480	40	36
#STAT: 1	100	760	994	954	585	936	11480	40	36
#STAT: 2	97	763	934	894	400	876	11480	40	36
#STAT: 3	94	766	877	837	382	819	11480	40	36
#STAT: 4	92	768	823	783	585	765	11480	40	36
#STAT: 5	90	770	771	731	356	713	11480	40	36
#STAT: 6	88	772	721	681	382	663	11480	40	36
#STAT: 7	86	774	673	640	513	615	11480	40	36
#STAT: 8	84	776	627	587	405	576	11480	40	36
#STAT: 9	82	778	583	543	520	532	11480	40	36
#STAT:10	80	780	541	501	584	490	11480	40	36
#STAT:11	78	782	501	461	402	450	11480	40	36
#STAT:12	76	784	463	423	392	412	11480	40	36
#STAT:13	74	786	427	387	591	376	11480	40	36
#STAT:14	72	788	393	360	347	342	11480	40	36
#STAT:15	70	790	361	321	373	315	11480	40	36
#STAT:16	68	792	331	291	518	285	11480	40	36
#STAT:17	66	794	303	263	411	257	11480	40	36
#STAT:18	40	40	820	51	0	23	11480	40	36
#STAT:19	40	40	820	51	24	23	11480	40	36
#STAT:20	40	40	820	51	0	23	11480	40	36
#STAT:21	40	40	820	50	24	22	11480	40	36
#STAT:22	40	40	820	43	0	22	11480	40	36
#STAT:23	40	40	820	43	28	22	11480	40	36
#STAT:24	40	40	820	43	0	22	11480	40	36
#STAT:25	40	40	820	43	26	22	11480	40	36
#STAT:26	40	40	820	43	0	22	11480	40	36
#STAT:27	40	40	820	43	24	22	11480	40	36
#STAT:28	40	40	820	43	0	22	11480	40	36
#STAT:29	40	40	820	37	24	22	11480	40	36
#STAT:30	40	40	820	43	0	22	11480	40	36
#STAT:31	40	40	820	43	23	22	11480	40	36
#STAT:32	40	40	820	43	0	22	11480	40	36
#STAT:33	40	40	820	43	27	22	11480	40	36
#STAT:34	40	40	820	43	0	22	11480	40	36
#STAT:35	40	40	820	43	24	22	11480	40	36
