#STAT:Node	CtxIn	CtxSkip	T.Read	T.Ins	T.Prop.	Comm	TotTask	Nb	P
#STAT: 0	175	1150	2395	2350	693	2255	22100	50	24
#STAT: 1	170	1155	2270	2220	906	2140	22100	50	24
#STAT: 2	166	1159	2150	2104	640	2020	22100	50	24
#STAT: 3	162	1163	2034	1984	696	1914	22100	50	24
#STAT: 4	158	1167	1922	1876	904	1802	22100	50	24
#STAT: 5	154	1171	1814	1764	638	1700	22100	50	24
#STAT: 6	150	1175	1710	1660	693	1596	22100	50	24
#STAT: 7	146	1179	1610	1565	902	1496	22100	50	24
#STAT: 8	142	1183	1514	1464	636	1410	22100	50	24
#STAT: 9	138	1187	1422	1376	696	1318	22100	50	24
#STAT:10	134	1191	1334	1284	904	1236	22100	50	24
#STAT:11	130	1195	1250	1204	638	1152	22100	50	24
#STAT:12	50	50	1275	110	0	54	22100	50	24
#STAT:13	50	50	1275	105	32	53	22100	50	24
#STAT:14	50	50	1275	105	0	53	22100	50	24
#STAT:15	50	50	1275	101	32	53	22100	50	24
#STAT:16	50	50	1275	101	1	53	22100	50	24
#STAT:17	50	50	1275	97	32	53	22100	50	24
#STAT:18	50	50	1275	109	0	53	22100	50	24
#STAT:19	50	50	1275	109	24	53	22100	50	24
#STAT:20	50	50	1275	105	1	53	22100	50	24
#STAT:21	50	50	1275	105	32	53	22100	50	24
#STAT:22	50	50	1275	101	0	53	22100	50	24
#STAT:23	50	50	1275	101	32	53	22100	50	24
