#STAT:Node	CtxIn	CtxSkip	T.Read	T.Ins	T.Prop.	Comm	TotTask	Nb	P
#STAT: 0	81	414	633	606	345	585	4960	30	24
#STAT: 1	78	417	582	552	304	537	4960	30	24
#STAT: 2	75	420	534	506	379	489	4960	30	24
#STAT: 3	72	423	489	459	346	447	4960	30	24
#STAT: 4	69	426	447	417	300	405	4960	30	24
#STAT: 5	66	429	408	381	391	366	4960	30	24
#STAT: 6	64	431	372	342	341	333	4960	30	24
#STAT: 7	62	433	338	310	308	299	4960	30	24
#STAT: 8	60	435	306	278	381	267	4960	30	24
#STAT: 9	58	437	276	246	340	238	4960	30	24
#STAT:10	56	439	248	221	295	210	4960	30	24
#STAT:11	54	441	222	192	395	187	4960	30	24
#STAT:12	30	30	465	38	0	17	4960	30	24
#STAT:13	30	30	465	38	30	17	4960	30	24
#STAT:14	30	30	465	36	0	17	4960	30	24
#STAT:15	30	30	465	35	27	16	4960	30	24
#STAT:16	30	30	465	40	0	16	4960	30	24
#STAT:17	30	30	465	37	28	16	4960	30	24
#STAT:18	30	30	465	37	0	16	4960	30	24
#STAT:19	30	30	465	35	24	16	4960	30	24
#STAT:20	30	30	465	40	0	16	4960	30	24
#STAT:21	30	30	465	40	26	16	4960	30	24
#STAT:22	30	30	465	37	0	16	4960	30	24
#STAT:23	30	30	465	37	22	16	4960	30	24
